1    15      15
2    71.95   60.9
3    62      45.22
4    35      17.92
5    76.59   20.31
6    68.85   23.06
7    57.97   35.21
8    25.77   52.52
9    34.27   68.94
10   25.38   78.77
11   20.59   40
12   20.67   38.38
13   25.63   51.8
14   34.64   34.59
15   46.19   90
16   28.38   20.42
17   69.18   28.41
18   60      43.93
19   79.95   61.56
20   78.14   35.17
21   71.65   79.99
22   61.57   74.35
23   49.57   60.22
24   77.64   42.53
25   72      27.43
26   21.57   20.22
27   20.11   60
28   23.61   75.84
29   31.49   53.23
30   42.45   69.5
31   54.66   33
32   16.1    78.32
33   25      67.81
34   35	     51.08
35   15	     33.97
36   74.11   75.46
37   64.99   85
38   53.38   28.91
39   41.2    44.63
40   85      15




OJO:  La distancia recorrida por el vendedor, una vez optimizado el recorrido,
debe ser inferior a 385.00 Unidades
