1 48.37 77.32
2 56.78 12.53
3 56.9 11.52
4 88.22 57.77
5 81.19 42.96
6 9.73 11.73
7 46.21 30.99
8 35.34 29.27
9 29.3 33.78
10 84.03 80.73
11 9.85 36.55
12 12.39 34.86
13 21.2 14.05
14 50.72 17.7
15 66.31 74.41
16 90.88 78.76
17 51.0 19.06
18 23.44 62.07
19 50.21 19.49
20 4.95 16.22
21 78.13 61.64
22 32.59 0.08
23 14.91 62.12
24 74.04 68.93
25 72.87 77.35
26 4.44 35.82
27 36.89 57.47
28 4.05 80.77
29 20.89 55.04
30 34.16 75.39
31 68.71 12.27
32 59.31 49.54
33 82.21 34.94
34 4.51 51.4
35 94.12 33.1
36 47.86 42.84
37 44.81 96.32
38 95.18 50.31
39 76.82 56.03
40 99.04 64.31
41 75.1 53.1
42 90.83 89.63
43 13.63 51.98
44 89.66 91.13
45 7.73 74.38
46 0.95 32.31
47 19.76 82.02
48 40.02 29.76
49 36.91 78.91
50 28.9 17.31
51 90.67 99.65
52 65.06 90.71
53 49.34 94.57
54 71.89 54.49
55 82.53 21.75
56 33.52 50.14
57 62.79 84.5
58 12.92 86.24
59 24.63 91.84
60 33.39 94.28
61 41.42 43.27
62 98.42 50.93
63 32.03 92.48
64 10.71 75.88
65 14.23 54.53
66 59.11 14.83
67 28.01 36.34
68 39.94 25.2
69 45.7 58.61
70 50.66 98.25
71 35.81 4.36
72 88.56 7.93
73 79.45 71.47
74 79.89 75.33
75 73.64 6.0
76 59.41 27.3
77 76.76 69.59
78 12.0 34.66
79 61.26 75.86
80 92.79 31.03
81 21.13 59.19
82 88.18 94.37
83 23.25 83.34
84 61.61 74.18
85 60.67 88.24
86 32.71 40.05
87 40.35 36.25
88 73.73 49.9
89 79.38 90.91
90 5.85 91.82
91 48.63 31.81
92 39.78 52.2
93 10.71 43.61
94 75.8 42.8
95 28.99 20.77
96 66.84 20.19
97 24.26 99.68
98 78.81 47.36
99 85.17 26.0
100 78.27 26.24
101 46.78 70.77
102 2.74 71.09
103 82.13 82.64
104 64.1 29.18
105 29.19 29.81
106 73.44 35.44
107 37.54 96.62
108 65.92 71.99
109 26.06 23.4
110 42.8 89.64
111 64.29 18.36
112 12.39 20.45
113 0.43 69.3
114 79.42 10.05
115 4.72 57.33
116 36.08 61.12
117 25.9 41.98
118 30.42 14.36
119 54.63 37.47
120 83.74 17.33
121 2.35 84.5
122 70.42 70.82
123 19.86 83.5
124 68.28 5.18
125 13.96 39.16
126 40.11 79.21
127 54.84 9.45
128 77.4 34.75
129 92.13 20.07
130 56.31 52.51
131 82.74 64.52
132 73.8 5.29
133 18.01 34.67
134 84.39 76.24
135 69.65 53.48
136 94.81 76.73
137 51.05 12.27
138 38.5 82.99
139 34.76 96.6
140 85.56 61.77
141 45.79 65.95
142 52.31 81.7
143 27.43 26.46
144 9.86 79.5
145 9.53 23.18
146 63.08 19.68
147 93.76 38.89
148 20.14 70.6
149 5.86 65.27
150 71.22 19.92
151 64.46 28.52
152 67.8 81.1
153 23.15 12.6
154 23.45 45.8
155 84.18 53.42
156 5.4 80.18
157 15.74 7.73
158 71.48 37.09
159 64.46 85.35
160 41.03 9.76
161 81.29 91.34
162 85.19 42.07
163 62.22 82.57
164 58.86 74.22
165 25.19 98.11
166 60.12 50.63
167 4.94 50.18
168 56.54 80.7
169 50.9 91.73
170 6.71 96.49
171 55.59 52.88
172 77.82 76.09
173 33.32 63.48
174 15.06 2.04
175 45.1 84.22
176 94.6 92.76
177 2.83 35.72
178 77.75 42.83
179 59.05 50.74
180 44.57 51.75
181 66.75 70.78
182 99.94 99.87
183 60.55 48.94
184 22.98 82.32
185 52.63 83.01
186 48.5 59.25
187 90.16 95.82
188 11.87 36.19
189 71.57 63.3
190 42.42 16.43
191 99.85 66.46
192 48.36 94.49
193 42.02 82.19
194 3.24 18.82
195 8.83 14.82
196 55.27 25.42
197 54.9 66.6
198 38.47 39.38
199 90.08 56.62
200 84.19 61.77
