1    64.65      35.43
2    31.31      35.59
3    78.17      39.90
4    51.10      25.28
5    23.23      29.75
6    39.96      63.60
7    63.65      88.12
8    66.05      48.23
9    64.90      17.75
10   69.63      21.65
11   23.27      87.85
12   36.31      17.64
13   30.75      19.86
14   87.19      20.15
15   17.59      23.68
16   32.57      43.81
17   76.28      63.42
18   81.15      71.73
19   33.22      65.33
20   75.49      35.62
21   24.05      40.69
22   20.87      50.81
23   28.21      52.94
24   76.22      27.32
25   39.44      85.41
26   25.22      47.56
27   58.48      81.44
28   66.38      69.17
29   44.59      15.29
30   52.01      71.58
31   15.62      31.89
32   37.72      59.10
33   43.12      15.26
34   43.83      56.46
35   69.51      89.23
36   55.77      59.10
37   78.96      16.81
38   66.54      50.88
39   60.22      32.86
40   58.42      40.38
41   26.89      50.40
42   48.59      53.64
43   45.73      63.96
44   54.70      18.06
45   53.29      31.94
46   39.92      83.39
47   56.10      31.27
48   40.40      27.80
49   16.35      56.41
50   58.48      87.34
51   27.96      88.40
52   78.00      83.54
53   63.55      71.30
54   85.82      88.40
55   87.13      78.13
56   79.07      59.11
57   30.72      43.79
58   66.06      68.01
59   54.55      73.72
60   16.05      51.00
61   49.04      56.94
62   15.58      43.30
63   45.35      84.11
64   51.99      86.88
65   23.93      38.27
66   40.63      49.13
67   80.70      70.15
68   17.35      35.88
69   69.64      30.43
70   66.98      47.14
71   41.79      74.24
72   63.61      67.16
73   22.07      50.15
74   28.83      87.95
75   83.90      40.56
76   60.43      49.99
77   69.36      25.25
78   35.11      27.15
79   67.53      52.54
80   21.17      27.13
81   74.86      37.88
82   65.95      68.43
83   77.74      38.49
84   50.90      71.70
85   73.76      82.10
86   34.94      58.13
87   89.41      27.65
88   70.12      74.14
89   80.92      69.70
90   28.43      35.30
91   40.70      20.55
92   45.80      62.21
93   57.62      80.10
94   52.36      71.68
95   52.81      49.87
96   44.89      74.51
97   21.15      62.34
98   40.58      62.22
99   70.63      72.94
100  85.28      36.41




