1    15      15
2    71.95   60.9
3    62      45.22
4    35      27.92
5    76.59   20.31
6    68.85   23.06
7    57.97   35.21
8    45.77   52.52
9    34.27   68.94
10   25.38   78.77
11   20.59   40
12   20.67   68.38
13   25.63   51.8
14   34.64   34.59
15   46.19   90
16   58.38   20.42
17   69.18   28.41
18   60      43.93
19   79.95   61.56
20   78.14   75.17
21   71.65   79.99
22   61.57   74.35
23   49.57   60.22
24   37.64   42.53
25   72      27.43
26   21.57   20.22
27   20.11   60
28   23.61   35.84
29   31.49   53.23
30   42.45   69.5
31   54.66   33
32   66.1    78.32
33   25      67.81
34   35	     51.08
35   15	     33.97
36   74.11   22.46
37   64.99   85
38   53.38   28.91
39   41.2    44.63
40   34.96   66
41   44.63   27.5
42   76.1    38.32
43   36      59.81
44   57      52.08
45   27.8    79.97
46   32.1    36.46
47   37.99   63
48   52.38   75.91
49   26.2    47.63
50   81.2    37.63
51   74.66   70.3
52   45.1    68.32
53   64      38.81
54   75	     29.08
55   28	     48.97
56   58.11   63.46
57   27.99   72.6
58   39.38   48.6
59   48.2    39.7
60   85      15



